163.0 78.0
163.0 78.0
163.0 78.0
193.0 636.0
603.0 615.0
652.0 114.0
163.0 78.0
168.806451613 93.0
361.75 93.0
565.5 108.0
169.612903226 108.0
246.571428571 633.0
197.838709677 633.0
197.032258065 618.0
539.428571429 618.0
599.173652695 603.0
196.225806452 603.0
195.419354839 588.0
600.640718563 588.0
602.107784431 573.0
194.612903226 573.0
193.806451613 558.0
603.574850299 558.0
605.041916168 543.0
193.0 543.0
192.193548387 528.0
606.508982036 528.0
607.976047904 513.0
191.387096774 513.0
190.580645161 498.0
609.443113772 498.0
610.910179641 483.0
189.774193548 483.0
188.967741935 468.0
612.377245509 468.0
613.844311377 453.0
188.161290323 453.0
187.35483871 438.0
615.311377246 438.0
616.778443114 423.0
186.548387097 423.0
185.741935484 408.0
618.245508982 408.0
619.71257485 393.0
184.935483871 393.0
184.129032258 378.0
621.179640719 378.0
622.646706587 363.0
183.322580645 363.0
182.516129032 348.0
624.113772455 348.0
625.580838323 333.0
181.709677419 333.0
180.903225806 318.0
627.047904192 318.0
628.51497006 303.0
180.096774194 303.0
179.290322581 288.0
629.982035928 288.0
631.449101796 273.0
178.483870968 273.0
177.677419355 258.0
632.916167665 258.0
634.383233533 243.0
176.870967742 243.0
176.064516129 228.0
635.850299401 228.0
637.317365269 213.0
175.258064516 213.0
174.451612903 198.0
638.784431138 198.0
640.251497006 183.0
173.64516129 183.0
172.838709677 168.0
641.718562874 168.0
646.119760479 123.0
170.419354839 123.0
172.032258065 153.0
643.185628743 153.0
644.652694611 138.0
171.225806452 138.0
228.0 142.0
