441.0 129.0
919.0 619.0
760.0 112.0
389.0 79.0
166.0 110.0
57.0 270.0
30.0 557.0
243.0 671.0
919.0 619.0
914.0 619.0
150.842105263 619.0
286.096774194 94.0
552.636363636 94.0
721.272727273 109.0
178.193548387 109.0
161.4625 124.0
758.763313609 124.0
763.467455621 139.0
151.24375 139.0
141.025 154.0
768.171597633 154.0
772.875739645 169.0
130.80625 169.0
120.5875 184.0
777.579881657 184.0
782.284023669 199.0
110.36875 199.0
100.15 214.0
786.98816568 214.0
791.692307692 229.0
89.93125 229.0
79.7125 244.0
796.396449704 244.0
801.100591716 259.0
69.49375 259.0
61.6236933798 274.0
805.804733728 274.0
810.50887574 289.0
60.212543554 289.0
58.8013937282 304.0
815.213017751 304.0
819.917159763 319.0
57.3902439024 319.0
55.9790940767 334.0
824.621301775 334.0
829.325443787 349.0
54.5679442509 349.0
53.1567944251 364.0
834.029585799 364.0
838.733727811 379.0
51.7456445993 379.0
50.3344947735 394.0
843.437869822 394.0
848.142011834 409.0
48.9233449477 409.0
47.512195122 424.0
852.846153846 424.0
857.550295858 439.0
46.1010452962 439.0
44.6898954704 454.0
862.25443787 454.0
866.958579882 469.0
43.2787456446 469.0
41.8675958188 484.0
871.662721893 484.0
876.366863905 499.0
40.456445993 499.0
39.0452961672 514.0
881.071005917 514.0
885.775147929 529.0
37.6341463415 529.0
36.2229965157 544.0
890.479289941 544.0
895.183431953 559.0
38.7368421053 559.0
122.815789474 604.0
909.295857988 604.0
904.591715976 589.0
94.7894736842 589.0
66.7631578947 574.0
899.887573964 574.0
719.0 634.0
178.868421053 634.0
234.921052632 664.0
329.0 664.0
524.0 649.0
206.894736842 649.0
243.0 551.0
